# Created by Octave 3.6.4, Thu Aug 21 20:03:32 2014 中国标准时间 <unknown@BITGAME>
# name: theta1
# type: matrix
# rows: 4
# columns: 3
 -7.757676042440497 4.248192183080561 21.79245971909763
 8.51738684241592 -26.02428826573545 4.540010326832976
 7.661971407958011 23.86899894230722 -4.554998150136221
 -8.216213010243523 -5.317279374446125 -24.25345777231964


# name: theta2
# type: matrix
# rows: 1
# columns: 5
 29.50135149177026 27.86489077358208 -27.78032246538602 -26.72383942108026 26.47332427057549


